40
0 0.000000e+00 0.000000e+00
1 1.000000e-01 1.000000e-01
2 2.000000e-01 2.000000e-01
3 3.000000e-01 3.000000e-01
4 4.000000e-01 4.000000e-01
5 5.000000e-01 5.000000e-01
6 6.000000e-01 6.000000e-01
7 7.000000e-01 7.000000e-01
8 8.000000e-01 8.000000e-01
9 9.000000e-01 9.000000e-01
10 1.000000e+00 1.000000e+00
111 1.000000e+00 -1.000000e+00
112 1.100000e+00 -9.000000e-01
113 1.200000e+00 -8.000000e-01
114 1.300000e+00 -7.000000e-01
115 1.400000e+00 -6.000000e-01
116 1.500000e+00 -5.000000e-01
117 1.600000e+00 -4.000000e-01
118 1.700000e+00 -3.000000e-01
119 1.800000e+00 -2.000000e-01
120 1.900000e+00 -1.000000e-01
121 2.000000e+00 0.000000e+00
12 1.000000e-01 -1.000000e-01
23 2.000000e-01 -2.000000e-01
34 3.000000e-01 -3.000000e-01
45 4.000000e-01 -4.000000e-01
56 5.000000e-01 -5.000000e-01
67 6.000000e-01 -6.000000e-01
78 7.000000e-01 -7.000000e-01
89 8.000000e-01 -8.000000e-01
100 9.000000e-01 -9.000000e-01
22 1.100000e+00 9.000000e-01
33 1.200000e+00 8.000000e-01
44 1.300000e+00 7.000000e-01
55 1.400000e+00 6.000000e-01
66 1.500000e+00 5.000000e-01
77 1.600000e+00 4.000000e-01
88 1.700000e+00 3.000000e-01
99 1.800000e+00 2.000000e-01
110 1.900000e+00 1.000000e-01
