24
1 0.0000000000000000e+00 0.0000000000000000e+00
2 4.6296296296296294e-03 1.6666666666666666e-01
3 3.7037037037037035e-02 3.3333333333333331e-01
4 1.2500000000000000e-01 5.0000000000000000e-01
5 2.9629629629629628e-01 6.6666666666666663e-01
6 5.7870370370370350e-01 8.3333333333333326e-01
7 1.0000000000000000e+00 1.0000000000000000e+00
43 1.0000000000000000e+00 -1.0000000000000000e+00
44 1.0046296296296295e+00 -8.3333333333333337e-01
45 1.0370370370370370e+00 -6.6666666666666674e-01
46 1.1250000000000000e+00 -5.0000000000000000e-01
47 1.2962962962962963e+00 -3.3333333333333337e-01
48 1.5787037037037035e+00 -1.6666666666666674e-01
49 2.0000000000000000e+00 0.0000000000000000e+00
8 1.6666666666666666e-01 -4.6296296296296294e-03
15 3.3333333333333331e-01 -3.7037037037037035e-02
22 5.0000000000000000e-01 -1.2500000000000000e-01
29 6.6666666666666663e-01 -2.9629629629629628e-01
36 8.3333333333333326e-01 -5.7870370370370350e-01
14 1.1666666666666667e+00 9.9537037037037035e-01
21 1.3333333333333333e+00 9.6296296296296302e-01
28 1.5000000000000000e+00 8.7500000000000000e-01
35 1.6666666666666665e+00 7.0370370370370372e-01
42 1.8333333333333333e+00 4.2129629629629650e-01
