36
0 0
1 2 8 9

0 0
2 3 9 10

0 0
3 4 10 11

0 0
4 5 11 12

0 0
5 6 12 13

0 0
6 7 13 14

0 0
13 14 20 21

0 0
12 13 19 20

0 0
11 12 18 19

0 0
10 11 17 18

0 0
9 10 16 17

0 0
8 9 15 16

0 0
15 16 22 23

0 0
16 17 23 24

0 0
17 18 24 25

0 0
18 19 25 26

0 0
19 20 26 27

0 0
20 21 27 28

0 0
27 28 34 35

0 0
26 27 33 34

0 0
25 26 32 33

0 0
24 25 31 32

0 0
23 24 30 31

0 0
22 23 29 30

0 0
29 30 36 37

0 0
30 31 37 38

0 0
31 32 38 39

0 0
32 33 39 40

0 0
33 34 40 41

0 0
34 35 41 42

0 0
41 42 48 49

0 0
40 41 47 48

0 0
39 40 46 47

0 0
38 39 45 46

0 0
37 38 44 45

0 0
36 37 43 44

