120
0 0.000000e+00 0.000000e+00
1 3.333333e-02 3.333333e-02
2 6.666667e-02 6.666667e-02
3 1.000000e-01 1.000000e-01
4 1.333333e-01 1.333333e-01
5 1.666667e-01 1.666667e-01
6 2.000000e-01 2.000000e-01
7 2.333333e-01 2.333333e-01
8 2.666667e-01 2.666667e-01
9 3.000000e-01 3.000000e-01
10 3.333333e-01 3.333333e-01
11 3.666667e-01 3.666667e-01
12 4.000000e-01 4.000000e-01
13 4.333333e-01 4.333333e-01
14 4.666667e-01 4.666667e-01
15 5.000000e-01 5.000000e-01
16 5.333333e-01 5.333333e-01
17 5.666667e-01 5.666667e-01
18 6.000000e-01 6.000000e-01
19 6.333333e-01 6.333333e-01
20 6.666667e-01 6.666667e-01
21 7.000000e-01 7.000000e-01
22 7.333333e-01 7.333333e-01
23 7.666667e-01 7.666667e-01
24 8.000000e-01 8.000000e-01
25 8.333333e-01 8.333333e-01
26 8.666667e-01 8.666667e-01
27 9.000000e-01 9.000000e-01
28 9.333333e-01 9.333333e-01
29 9.666667e-01 9.666667e-01
30 1.000000e+00 1.000000e+00
931 1.000000e+00 -1.000000e+00
932 1.033333e+00 -9.666667e-01
933 1.066667e+00 -9.333333e-01
934 1.100000e+00 -9.000000e-01
935 1.133333e+00 -8.666667e-01
936 1.166667e+00 -8.333333e-01
937 1.200000e+00 -8.000000e-01
938 1.233333e+00 -7.666667e-01
939 1.266667e+00 -7.333333e-01
940 1.300000e+00 -7.000000e-01
941 1.333333e+00 -6.666667e-01
942 1.366667e+00 -6.333333e-01
943 1.400000e+00 -6.000000e-01
944 1.433333e+00 -5.666667e-01
945 1.466667e+00 -5.333333e-01
946 1.500000e+00 -5.000000e-01
947 1.533333e+00 -4.666667e-01
948 1.566667e+00 -4.333333e-01
949 1.600000e+00 -4.000000e-01
950 1.633333e+00 -3.666667e-01
951 1.666667e+00 -3.333333e-01
952 1.700000e+00 -3.000000e-01
953 1.733333e+00 -2.666667e-01
954 1.766667e+00 -2.333333e-01
955 1.800000e+00 -2.000000e-01
956 1.833333e+00 -1.666667e-01
957 1.866667e+00 -1.333333e-01
958 1.900000e+00 -1.000000e-01
959 1.933333e+00 -6.666667e-02
960 1.966667e+00 -3.333333e-02
961 2.000000e+00 0.000000e+00
32 3.333333e-02 -3.333333e-02
63 6.666667e-02 -6.666667e-02
94 1.000000e-01 -1.000000e-01
125 1.333333e-01 -1.333333e-01
156 1.666667e-01 -1.666667e-01
187 2.000000e-01 -2.000000e-01
218 2.333333e-01 -2.333333e-01
249 2.666667e-01 -2.666667e-01
280 3.000000e-01 -3.000000e-01
311 3.333333e-01 -3.333333e-01
342 3.666667e-01 -3.666667e-01
373 4.000000e-01 -4.000000e-01
404 4.333333e-01 -4.333333e-01
435 4.666667e-01 -4.666667e-01
466 5.000000e-01 -5.000000e-01
497 5.333333e-01 -5.333333e-01
528 5.666667e-01 -5.666667e-01
559 6.000000e-01 -6.000000e-01
590 6.333333e-01 -6.333333e-01
621 6.666667e-01 -6.666667e-01
652 7.000000e-01 -7.000000e-01
683 7.333333e-01 -7.333333e-01
714 7.666667e-01 -7.666667e-01
745 8.000000e-01 -8.000000e-01
776 8.333333e-01 -8.333333e-01
807 8.666667e-01 -8.666667e-01
838 9.000000e-01 -9.000000e-01
869 9.333333e-01 -9.333333e-01
900 9.666667e-01 -9.666667e-01
62 1.033333e+00 9.666667e-01
93 1.066667e+00 9.333333e-01
124 1.100000e+00 9.000000e-01
155 1.133333e+00 8.666667e-01
186 1.166667e+00 8.333333e-01
217 1.200000e+00 8.000000e-01
248 1.233333e+00 7.666667e-01
279 1.266667e+00 7.333333e-01
310 1.300000e+00 7.000000e-01
341 1.333333e+00 6.666667e-01
372 1.366667e+00 6.333333e-01
403 1.400000e+00 6.000000e-01
434 1.433333e+00 5.666667e-01
465 1.466667e+00 5.333333e-01
496 1.500000e+00 5.000000e-01
527 1.533333e+00 4.666667e-01
558 1.566667e+00 4.333333e-01
589 1.600000e+00 4.000000e-01
620 1.633333e+00 3.666667e-01
651 1.666667e+00 3.333333e-01
682 1.700000e+00 3.000000e-01
713 1.733333e+00 2.666667e-01
744 1.766667e+00 2.333333e-01
775 1.800000e+00 2.000000e-01
806 1.833333e+00 1.666667e-01
837 1.866667e+00 1.333333e-01
868 1.900000e+00 1.000000e-01
899 1.933333e+00 6.666667e-02
930 1.966667e+00 3.333333e-02
