900
0 0
1 2 32 33

0 0
2 3 33 34

0 0
3 4 34 35

0 0
4 5 35 36

0 0
5 6 36 37

0 0
6 7 37 38

0 0
7 8 38 39

0 0
8 9 39 40

0 0
9 10 40 41

0 0
10 11 41 42

0 0
11 12 42 43

0 0
12 13 43 44

0 0
13 14 44 45

0 0
14 15 45 46

0 0
15 16 46 47

0 0
16 17 47 48

0 0
17 18 48 49

0 0
18 19 49 50

0 0
19 20 50 51

0 0
20 21 51 52

0 0
21 22 52 53

0 0
22 23 53 54

0 0
23 24 54 55

0 0
24 25 55 56

0 0
25 26 56 57

0 0
26 27 57 58

0 0
27 28 58 59

0 0
28 29 59 60

0 0
29 30 60 61

0 0
30 31 61 62

0 0
61 62 92 93

0 0
60 61 91 92

0 0
59 60 90 91

0 0
58 59 89 90

0 0
57 58 88 89

0 0
56 57 87 88

0 0
55 56 86 87

0 0
54 55 85 86

0 0
53 54 84 85

0 0
52 53 83 84

0 0
51 52 82 83

0 0
50 51 81 82

0 0
49 50 80 81

0 0
48 49 79 80

0 0
47 48 78 79

0 0
46 47 77 78

0 0
45 46 76 77

0 0
44 45 75 76

0 0
43 44 74 75

0 0
42 43 73 74

0 0
41 42 72 73

0 0
40 41 71 72

0 0
39 40 70 71

0 0
38 39 69 70

0 0
37 38 68 69

0 0
36 37 67 68

0 0
35 36 66 67

0 0
34 35 65 66

0 0
33 34 64 65

0 0
32 33 63 64

0 0
63 64 94 95

0 0
64 65 95 96

0 0
65 66 96 97

0 0
66 67 97 98

0 0
67 68 98 99

0 0
68 69 99 100

0 0
69 70 100 101

0 0
70 71 101 102

0 0
71 72 102 103

0 0
72 73 103 104

0 0
73 74 104 105

0 0
74 75 105 106

0 0
75 76 106 107

0 0
76 77 107 108

0 0
77 78 108 109

0 0
78 79 109 110

0 0
79 80 110 111

0 0
80 81 111 112

0 0
81 82 112 113

0 0
82 83 113 114

0 0
83 84 114 115

0 0
84 85 115 116

0 0
85 86 116 117

0 0
86 87 117 118

0 0
87 88 118 119

0 0
88 89 119 120

0 0
89 90 120 121

0 0
90 91 121 122

0 0
91 92 122 123

0 0
92 93 123 124

0 0
123 124 154 155

0 0
122 123 153 154

0 0
121 122 152 153

0 0
120 121 151 152

0 0
119 120 150 151

0 0
118 119 149 150

0 0
117 118 148 149

0 0
116 117 147 148

0 0
115 116 146 147

0 0
114 115 145 146

0 0
113 114 144 145

0 0
112 113 143 144

0 0
111 112 142 143

0 0
110 111 141 142

0 0
109 110 140 141

0 0
108 109 139 140

0 0
107 108 138 139

0 0
106 107 137 138

0 0
105 106 136 137

0 0
104 105 135 136

0 0
103 104 134 135

0 0
102 103 133 134

0 0
101 102 132 133

0 0
100 101 131 132

0 0
99 100 130 131

0 0
98 99 129 130

0 0
97 98 128 129

0 0
96 97 127 128

0 0
95 96 126 127

0 0
94 95 125 126

0 0
125 126 156 157

0 0
126 127 157 158

0 0
127 128 158 159

0 0
128 129 159 160

0 0
129 130 160 161

0 0
130 131 161 162

0 0
131 132 162 163

0 0
132 133 163 164

0 0
133 134 164 165

0 0
134 135 165 166

0 0
135 136 166 167

0 0
136 137 167 168

0 0
137 138 168 169

0 0
138 139 169 170

0 0
139 140 170 171

0 0
140 141 171 172

0 0
141 142 172 173

0 0
142 143 173 174

0 0
143 144 174 175

0 0
144 145 175 176

0 0
145 146 176 177

0 0
146 147 177 178

0 0
147 148 178 179

0 0
148 149 179 180

0 0
149 150 180 181

0 0
150 151 181 182

0 0
151 152 182 183

0 0
152 153 183 184

0 0
153 154 184 185

0 0
154 155 185 186

0 0
185 186 216 217

0 0
184 185 215 216

0 0
183 184 214 215

0 0
182 183 213 214

0 0
181 182 212 213

0 0
180 181 211 212

0 0
179 180 210 211

0 0
178 179 209 210

0 0
177 178 208 209

0 0
176 177 207 208

0 0
175 176 206 207

0 0
174 175 205 206

0 0
173 174 204 205

0 0
172 173 203 204

0 0
171 172 202 203

0 0
170 171 201 202

0 0
169 170 200 201

0 0
168 169 199 200

0 0
167 168 198 199

0 0
166 167 197 198

0 0
165 166 196 197

0 0
164 165 195 196

0 0
163 164 194 195

0 0
162 163 193 194

0 0
161 162 192 193

0 0
160 161 191 192

0 0
159 160 190 191

0 0
158 159 189 190

0 0
157 158 188 189

0 0
156 157 187 188

0 0
187 188 218 219

0 0
188 189 219 220

0 0
189 190 220 221

0 0
190 191 221 222

0 0
191 192 222 223

0 0
192 193 223 224

0 0
193 194 224 225

0 0
194 195 225 226

0 0
195 196 226 227

0 0
196 197 227 228

0 0
197 198 228 229

0 0
198 199 229 230

0 0
199 200 230 231

0 0
200 201 231 232

0 0
201 202 232 233

0 0
202 203 233 234

0 0
203 204 234 235

0 0
204 205 235 236

0 0
205 206 236 237

0 0
206 207 237 238

0 0
207 208 238 239

0 0
208 209 239 240

0 0
209 210 240 241

0 0
210 211 241 242

0 0
211 212 242 243

0 0
212 213 243 244

0 0
213 214 244 245

0 0
214 215 245 246

0 0
215 216 246 247

0 0
216 217 247 248

0 0
247 248 278 279

0 0
246 247 277 278

0 0
245 246 276 277

0 0
244 245 275 276

0 0
243 244 274 275

0 0
242 243 273 274

0 0
241 242 272 273

0 0
240 241 271 272

0 0
239 240 270 271

0 0
238 239 269 270

0 0
237 238 268 269

0 0
236 237 267 268

0 0
235 236 266 267

0 0
234 235 265 266

0 0
233 234 264 265

0 0
232 233 263 264

0 0
231 232 262 263

0 0
230 231 261 262

0 0
229 230 260 261

0 0
228 229 259 260

0 0
227 228 258 259

0 0
226 227 257 258

0 0
225 226 256 257

0 0
224 225 255 256

0 0
223 224 254 255

0 0
222 223 253 254

0 0
221 222 252 253

0 0
220 221 251 252

0 0
219 220 250 251

0 0
218 219 249 250

0 0
249 250 280 281

0 0
250 251 281 282

0 0
251 252 282 283

0 0
252 253 283 284

0 0
253 254 284 285

0 0
254 255 285 286

0 0
255 256 286 287

0 0
256 257 287 288

0 0
257 258 288 289

0 0
258 259 289 290

0 0
259 260 290 291

0 0
260 261 291 292

0 0
261 262 292 293

0 0
262 263 293 294

0 0
263 264 294 295

0 0
264 265 295 296

0 0
265 266 296 297

0 0
266 267 297 298

0 0
267 268 298 299

0 0
268 269 299 300

0 0
269 270 300 301

0 0
270 271 301 302

0 0
271 272 302 303

0 0
272 273 303 304

0 0
273 274 304 305

0 0
274 275 305 306

0 0
275 276 306 307

0 0
276 277 307 308

0 0
277 278 308 309

0 0
278 279 309 310

0 0
309 310 340 341

0 0
308 309 339 340

0 0
307 308 338 339

0 0
306 307 337 338

0 0
305 306 336 337

0 0
304 305 335 336

0 0
303 304 334 335

0 0
302 303 333 334

0 0
301 302 332 333

0 0
300 301 331 332

0 0
299 300 330 331

0 0
298 299 329 330

0 0
297 298 328 329

0 0
296 297 327 328

0 0
295 296 326 327

0 0
294 295 325 326

0 0
293 294 324 325

0 0
292 293 323 324

0 0
291 292 322 323

0 0
290 291 321 322

0 0
289 290 320 321

0 0
288 289 319 320

0 0
287 288 318 319

0 0
286 287 317 318

0 0
285 286 316 317

0 0
284 285 315 316

0 0
283 284 314 315

0 0
282 283 313 314

0 0
281 282 312 313

0 0
280 281 311 312

0 0
311 312 342 343

0 0
312 313 343 344

0 0
313 314 344 345

0 0
314 315 345 346

0 0
315 316 346 347

0 0
316 317 347 348

0 0
317 318 348 349

0 0
318 319 349 350

0 0
319 320 350 351

0 0
320 321 351 352

0 0
321 322 352 353

0 0
322 323 353 354

0 0
323 324 354 355

0 0
324 325 355 356

0 0
325 326 356 357

0 0
326 327 357 358

0 0
327 328 358 359

0 0
328 329 359 360

0 0
329 330 360 361

0 0
330 331 361 362

0 0
331 332 362 363

0 0
332 333 363 364

0 0
333 334 364 365

0 0
334 335 365 366

0 0
335 336 366 367

0 0
336 337 367 368

0 0
337 338 368 369

0 0
338 339 369 370

0 0
339 340 370 371

0 0
340 341 371 372

0 0
371 372 402 403

0 0
370 371 401 402

0 0
369 370 400 401

0 0
368 369 399 400

0 0
367 368 398 399

0 0
366 367 397 398

0 0
365 366 396 397

0 0
364 365 395 396

0 0
363 364 394 395

0 0
362 363 393 394

0 0
361 362 392 393

0 0
360 361 391 392

0 0
359 360 390 391

0 0
358 359 389 390

0 0
357 358 388 389

0 0
356 357 387 388

0 0
355 356 386 387

0 0
354 355 385 386

0 0
353 354 384 385

0 0
352 353 383 384

0 0
351 352 382 383

0 0
350 351 381 382

0 0
349 350 380 381

0 0
348 349 379 380

0 0
347 348 378 379

0 0
346 347 377 378

0 0
345 346 376 377

0 0
344 345 375 376

0 0
343 344 374 375

0 0
342 343 373 374

0 0
373 374 404 405

0 0
374 375 405 406

0 0
375 376 406 407

0 0
376 377 407 408

0 0
377 378 408 409

0 0
378 379 409 410

0 0
379 380 410 411

0 0
380 381 411 412

0 0
381 382 412 413

0 0
382 383 413 414

0 0
383 384 414 415

0 0
384 385 415 416

0 0
385 386 416 417

0 0
386 387 417 418

0 0
387 388 418 419

0 0
388 389 419 420

0 0
389 390 420 421

0 0
390 391 421 422

0 0
391 392 422 423

0 0
392 393 423 424

0 0
393 394 424 425

0 0
394 395 425 426

0 0
395 396 426 427

0 0
396 397 427 428

0 0
397 398 428 429

0 0
398 399 429 430

0 0
399 400 430 431

0 0
400 401 431 432

0 0
401 402 432 433

0 0
402 403 433 434

0 0
433 434 464 465

0 0
432 433 463 464

0 0
431 432 462 463

0 0
430 431 461 462

0 0
429 430 460 461

0 0
428 429 459 460

0 0
427 428 458 459

0 0
426 427 457 458

0 0
425 426 456 457

0 0
424 425 455 456

0 0
423 424 454 455

0 0
422 423 453 454

0 0
421 422 452 453

0 0
420 421 451 452

0 0
419 420 450 451

0 0
418 419 449 450

0 0
417 418 448 449

0 0
416 417 447 448

0 0
415 416 446 447

0 0
414 415 445 446

0 0
413 414 444 445

0 0
412 413 443 444

0 0
411 412 442 443

0 0
410 411 441 442

0 0
409 410 440 441

0 0
408 409 439 440

0 0
407 408 438 439

0 0
406 407 437 438

0 0
405 406 436 437

0 0
404 405 435 436

0 0
435 436 466 467

0 0
436 437 467 468

0 0
437 438 468 469

0 0
438 439 469 470

0 0
439 440 470 471

0 0
440 441 471 472

0 0
441 442 472 473

0 0
442 443 473 474

0 0
443 444 474 475

0 0
444 445 475 476

0 0
445 446 476 477

0 0
446 447 477 478

0 0
447 448 478 479

0 0
448 449 479 480

0 0
449 450 480 481

0 0
450 451 481 482

0 0
451 452 482 483

0 0
452 453 483 484

0 0
453 454 484 485

0 0
454 455 485 486

0 0
455 456 486 487

0 0
456 457 487 488

0 0
457 458 488 489

0 0
458 459 489 490

0 0
459 460 490 491

0 0
460 461 491 492

0 0
461 462 492 493

0 0
462 463 493 494

0 0
463 464 494 495

0 0
464 465 495 496

0 0
495 496 526 527

0 0
494 495 525 526

0 0
493 494 524 525

0 0
492 493 523 524

0 0
491 492 522 523

0 0
490 491 521 522

0 0
489 490 520 521

0 0
488 489 519 520

0 0
487 488 518 519

0 0
486 487 517 518

0 0
485 486 516 517

0 0
484 485 515 516

0 0
483 484 514 515

0 0
482 483 513 514

0 0
481 482 512 513

0 0
480 481 511 512

0 0
479 480 510 511

0 0
478 479 509 510

0 0
477 478 508 509

0 0
476 477 507 508

0 0
475 476 506 507

0 0
474 475 505 506

0 0
473 474 504 505

0 0
472 473 503 504

0 0
471 472 502 503

0 0
470 471 501 502

0 0
469 470 500 501

0 0
468 469 499 500

0 0
467 468 498 499

0 0
466 467 497 498

0 0
497 498 528 529

0 0
498 499 529 530

0 0
499 500 530 531

0 0
500 501 531 532

0 0
501 502 532 533

0 0
502 503 533 534

0 0
503 504 534 535

0 0
504 505 535 536

0 0
505 506 536 537

0 0
506 507 537 538

0 0
507 508 538 539

0 0
508 509 539 540

0 0
509 510 540 541

0 0
510 511 541 542

0 0
511 512 542 543

0 0
512 513 543 544

0 0
513 514 544 545

0 0
514 515 545 546

0 0
515 516 546 547

0 0
516 517 547 548

0 0
517 518 548 549

0 0
518 519 549 550

0 0
519 520 550 551

0 0
520 521 551 552

0 0
521 522 552 553

0 0
522 523 553 554

0 0
523 524 554 555

0 0
524 525 555 556

0 0
525 526 556 557

0 0
526 527 557 558

0 0
557 558 588 589

0 0
556 557 587 588

0 0
555 556 586 587

0 0
554 555 585 586

0 0
553 554 584 585

0 0
552 553 583 584

0 0
551 552 582 583

0 0
550 551 581 582

0 0
549 550 580 581

0 0
548 549 579 580

0 0
547 548 578 579

0 0
546 547 577 578

0 0
545 546 576 577

0 0
544 545 575 576

0 0
543 544 574 575

0 0
542 543 573 574

0 0
541 542 572 573

0 0
540 541 571 572

0 0
539 540 570 571

0 0
538 539 569 570

0 0
537 538 568 569

0 0
536 537 567 568

0 0
535 536 566 567

0 0
534 535 565 566

0 0
533 534 564 565

0 0
532 533 563 564

0 0
531 532 562 563

0 0
530 531 561 562

0 0
529 530 560 561

0 0
528 529 559 560

0 0
559 560 590 591

0 0
560 561 591 592

0 0
561 562 592 593

0 0
562 563 593 594

0 0
563 564 594 595

0 0
564 565 595 596

0 0
565 566 596 597

0 0
566 567 597 598

0 0
567 568 598 599

0 0
568 569 599 600

0 0
569 570 600 601

0 0
570 571 601 602

0 0
571 572 602 603

0 0
572 573 603 604

0 0
573 574 604 605

0 0
574 575 605 606

0 0
575 576 606 607

0 0
576 577 607 608

0 0
577 578 608 609

0 0
578 579 609 610

0 0
579 580 610 611

0 0
580 581 611 612

0 0
581 582 612 613

0 0
582 583 613 614

0 0
583 584 614 615

0 0
584 585 615 616

0 0
585 586 616 617

0 0
586 587 617 618

0 0
587 588 618 619

0 0
588 589 619 620

0 0
619 620 650 651

0 0
618 619 649 650

0 0
617 618 648 649

0 0
616 617 647 648

0 0
615 616 646 647

0 0
614 615 645 646

0 0
613 614 644 645

0 0
612 613 643 644

0 0
611 612 642 643

0 0
610 611 641 642

0 0
609 610 640 641

0 0
608 609 639 640

0 0
607 608 638 639

0 0
606 607 637 638

0 0
605 606 636 637

0 0
604 605 635 636

0 0
603 604 634 635

0 0
602 603 633 634

0 0
601 602 632 633

0 0
600 601 631 632

0 0
599 600 630 631

0 0
598 599 629 630

0 0
597 598 628 629

0 0
596 597 627 628

0 0
595 596 626 627

0 0
594 595 625 626

0 0
593 594 624 625

0 0
592 593 623 624

0 0
591 592 622 623

0 0
590 591 621 622

0 0
621 622 652 653

0 0
622 623 653 654

0 0
623 624 654 655

0 0
624 625 655 656

0 0
625 626 656 657

0 0
626 627 657 658

0 0
627 628 658 659

0 0
628 629 659 660

0 0
629 630 660 661

0 0
630 631 661 662

0 0
631 632 662 663

0 0
632 633 663 664

0 0
633 634 664 665

0 0
634 635 665 666

0 0
635 636 666 667

0 0
636 637 667 668

0 0
637 638 668 669

0 0
638 639 669 670

0 0
639 640 670 671

0 0
640 641 671 672

0 0
641 642 672 673

0 0
642 643 673 674

0 0
643 644 674 675

0 0
644 645 675 676

0 0
645 646 676 677

0 0
646 647 677 678

0 0
647 648 678 679

0 0
648 649 679 680

0 0
649 650 680 681

0 0
650 651 681 682

0 0
681 682 712 713

0 0
680 681 711 712

0 0
679 680 710 711

0 0
678 679 709 710

0 0
677 678 708 709

0 0
676 677 707 708

0 0
675 676 706 707

0 0
674 675 705 706

0 0
673 674 704 705

0 0
672 673 703 704

0 0
671 672 702 703

0 0
670 671 701 702

0 0
669 670 700 701

0 0
668 669 699 700

0 0
667 668 698 699

0 0
666 667 697 698

0 0
665 666 696 697

0 0
664 665 695 696

0 0
663 664 694 695

0 0
662 663 693 694

0 0
661 662 692 693

0 0
660 661 691 692

0 0
659 660 690 691

0 0
658 659 689 690

0 0
657 658 688 689

0 0
656 657 687 688

0 0
655 656 686 687

0 0
654 655 685 686

0 0
653 654 684 685

0 0
652 653 683 684

0 0
683 684 714 715

0 0
684 685 715 716

0 0
685 686 716 717

0 0
686 687 717 718

0 0
687 688 718 719

0 0
688 689 719 720

0 0
689 690 720 721

0 0
690 691 721 722

0 0
691 692 722 723

0 0
692 693 723 724

0 0
693 694 724 725

0 0
694 695 725 726

0 0
695 696 726 727

0 0
696 697 727 728

0 0
697 698 728 729

0 0
698 699 729 730

0 0
699 700 730 731

0 0
700 701 731 732

0 0
701 702 732 733

0 0
702 703 733 734

0 0
703 704 734 735

0 0
704 705 735 736

0 0
705 706 736 737

0 0
706 707 737 738

0 0
707 708 738 739

0 0
708 709 739 740

0 0
709 710 740 741

0 0
710 711 741 742

0 0
711 712 742 743

0 0
712 713 743 744

0 0
743 744 774 775

0 0
742 743 773 774

0 0
741 742 772 773

0 0
740 741 771 772

0 0
739 740 770 771

0 0
738 739 769 770

0 0
737 738 768 769

0 0
736 737 767 768

0 0
735 736 766 767

0 0
734 735 765 766

0 0
733 734 764 765

0 0
732 733 763 764

0 0
731 732 762 763

0 0
730 731 761 762

0 0
729 730 760 761

0 0
728 729 759 760

0 0
727 728 758 759

0 0
726 727 757 758

0 0
725 726 756 757

0 0
724 725 755 756

0 0
723 724 754 755

0 0
722 723 753 754

0 0
721 722 752 753

0 0
720 721 751 752

0 0
719 720 750 751

0 0
718 719 749 750

0 0
717 718 748 749

0 0
716 717 747 748

0 0
715 716 746 747

0 0
714 715 745 746

0 0
745 746 776 777

0 0
746 747 777 778

0 0
747 748 778 779

0 0
748 749 779 780

0 0
749 750 780 781

0 0
750 751 781 782

0 0
751 752 782 783

0 0
752 753 783 784

0 0
753 754 784 785

0 0
754 755 785 786

0 0
755 756 786 787

0 0
756 757 787 788

0 0
757 758 788 789

0 0
758 759 789 790

0 0
759 760 790 791

0 0
760 761 791 792

0 0
761 762 792 793

0 0
762 763 793 794

0 0
763 764 794 795

0 0
764 765 795 796

0 0
765 766 796 797

0 0
766 767 797 798

0 0
767 768 798 799

0 0
768 769 799 800

0 0
769 770 800 801

0 0
770 771 801 802

0 0
771 772 802 803

0 0
772 773 803 804

0 0
773 774 804 805

0 0
774 775 805 806

0 0
805 806 836 837

0 0
804 805 835 836

0 0
803 804 834 835

0 0
802 803 833 834

0 0
801 802 832 833

0 0
800 801 831 832

0 0
799 800 830 831

0 0
798 799 829 830

0 0
797 798 828 829

0 0
796 797 827 828

0 0
795 796 826 827

0 0
794 795 825 826

0 0
793 794 824 825

0 0
792 793 823 824

0 0
791 792 822 823

0 0
790 791 821 822

0 0
789 790 820 821

0 0
788 789 819 820

0 0
787 788 818 819

0 0
786 787 817 818

0 0
785 786 816 817

0 0
784 785 815 816

0 0
783 784 814 815

0 0
782 783 813 814

0 0
781 782 812 813

0 0
780 781 811 812

0 0
779 780 810 811

0 0
778 779 809 810

0 0
777 778 808 809

0 0
776 777 807 808

0 0
807 808 838 839

0 0
808 809 839 840

0 0
809 810 840 841

0 0
810 811 841 842

0 0
811 812 842 843

0 0
812 813 843 844

0 0
813 814 844 845

0 0
814 815 845 846

0 0
815 816 846 847

0 0
816 817 847 848

0 0
817 818 848 849

0 0
818 819 849 850

0 0
819 820 850 851

0 0
820 821 851 852

0 0
821 822 852 853

0 0
822 823 853 854

0 0
823 824 854 855

0 0
824 825 855 856

0 0
825 826 856 857

0 0
826 827 857 858

0 0
827 828 858 859

0 0
828 829 859 860

0 0
829 830 860 861

0 0
830 831 861 862

0 0
831 832 862 863

0 0
832 833 863 864

0 0
833 834 864 865

0 0
834 835 865 866

0 0
835 836 866 867

0 0
836 837 867 868

0 0
867 868 898 899

0 0
866 867 897 898

0 0
865 866 896 897

0 0
864 865 895 896

0 0
863 864 894 895

0 0
862 863 893 894

0 0
861 862 892 893

0 0
860 861 891 892

0 0
859 860 890 891

0 0
858 859 889 890

0 0
857 858 888 889

0 0
856 857 887 888

0 0
855 856 886 887

0 0
854 855 885 886

0 0
853 854 884 885

0 0
852 853 883 884

0 0
851 852 882 883

0 0
850 851 881 882

0 0
849 850 880 881

0 0
848 849 879 880

0 0
847 848 878 879

0 0
846 847 877 878

0 0
845 846 876 877

0 0
844 845 875 876

0 0
843 844 874 875

0 0
842 843 873 874

0 0
841 842 872 873

0 0
840 841 871 872

0 0
839 840 870 871

0 0
838 839 869 870

0 0
869 870 900 901

0 0
870 871 901 902

0 0
871 872 902 903

0 0
872 873 903 904

0 0
873 874 904 905

0 0
874 875 905 906

0 0
875 876 906 907

0 0
876 877 907 908

0 0
877 878 908 909

0 0
878 879 909 910

0 0
879 880 910 911

0 0
880 881 911 912

0 0
881 882 912 913

0 0
882 883 913 914

0 0
883 884 914 915

0 0
884 885 915 916

0 0
885 886 916 917

0 0
886 887 917 918

0 0
887 888 918 919

0 0
888 889 919 920

0 0
889 890 920 921

0 0
890 891 921 922

0 0
891 892 922 923

0 0
892 893 923 924

0 0
893 894 924 925

0 0
894 895 925 926

0 0
895 896 926 927

0 0
896 897 927 928

0 0
897 898 928 929

0 0
898 899 929 930

0 0
929 930 960 961

0 0
928 929 959 960

0 0
927 928 958 959

0 0
926 927 957 958

0 0
925 926 956 957

0 0
924 925 955 956

0 0
923 924 954 955

0 0
922 923 953 954

0 0
921 922 952 953

0 0
920 921 951 952

0 0
919 920 950 951

0 0
918 919 949 950

0 0
917 918 948 949

0 0
916 917 947 948

0 0
915 916 946 947

0 0
914 915 945 946

0 0
913 914 944 945

0 0
912 913 943 944

0 0
911 912 942 943

0 0
910 911 941 942

0 0
909 910 940 941

0 0
908 909 939 940

0 0
907 908 938 939

0 0
906 907 937 938

0 0
905 906 936 937

0 0
904 905 935 936

0 0
903 904 934 935

0 0
902 903 933 934

0 0
901 902 932 933

0 0
900 901 931 932